[gd_scene load_steps=3 format=2]

[ext_resource path="res://Props/Cafe/CafeTable.tscn" type="PackedScene" id=1]
[ext_resource path="res://Props/Cafe/CafeChair.tscn" type="PackedScene" id=2]

[node name="cafe" type="Spatial"]

[node name="CafeTable" parent="." instance=ExtResource( 1 )]
transform = Transform( 1, 0, 0, 0, 1, 0, 0, 0, 1, -3, 0.560735, 2 )

[node name="CafeChair" parent="." instance=ExtResource( 2 )]
transform = Transform( -1.62921e-07, 0, -1, 0, 1, 0, 1, 0, -1.62921e-07, -1.726, 0.6, 2.01384 )

[node name="CafeChair2" parent="." instance=ExtResource( 2 )]
transform = Transform( -0.210574, 0, 0.977578, 0, 1, 0, -0.977578, 0, -0.210574, -4.13689, 0.6, 2.16597 )

[node name="CafeChair3" parent="." instance=ExtResource( 2 )]
transform = Transform( -0.931323, 0, 0.364194, 0, 1, 0, -0.364194, 0, -0.931323, -3.2833, 0.6, 3.19534 )

[node name="CafeChair4" parent="." instance=ExtResource( 2 )]
transform = Transform( 0.924286, 0, 0.3817, 0, 1, 0, -0.3817, 0, 0.924286, -2.85015, 0.6, 0.889979 )

[node name="CafeTable2" parent="." instance=ExtResource( 1 )]
transform = Transform( 0.211802, 0, -0.977313, 0, 1, 0, 0.977313, 0, 0.211802, -7.11734, 0.553468, 7.66659 )

[node name="CafeChair5" parent="." instance=ExtResource( 2 )]
transform = Transform( -0.977313, 0, -0.211802, 0, 1, 0, 0.211802, 0, -0.977313, -6.86103, 0.6, 8.91462 )

[node name="CafeChair6" parent="." instance=ExtResource( 2 )]
transform = Transform( 0.910799, 0, 0.41285, 0, 1, 0, -0.41285, 0, 0.910799, -7.52034, 0.6, 6.59065 )

[node name="CafeChair7" parent="." instance=ExtResource( 2 )]
transform = Transform( 0.158675, 0, 0.987331, 0, 1, 0, -0.987331, 0, 0.158675, -8.34557, 0.6, 7.6429 )

[node name="CafeChair8" parent="." instance=ExtResource( 2 )]
transform = Transform( 0.568806, 0, -0.822472, 0, 1, 0, 0.822472, 0, 0.568806, -6.00077, 0.6, 7.57794 )

[node name="CafeTable4" parent="." instance=ExtResource( 1 )]
transform = Transform( 0.211802, 0, -0.977313, 0, 1, 0, 0.977313, 0, 0.211802, -2.35778, 0.568003, 7.12861 )

[node name="CafeChair13" parent="." instance=ExtResource( 2 )]
transform = Transform( 0.910799, 0, 0.41285, 0, 1, 0, -0.41285, 0, 0.910799, -2.76077, 0.6, 6.05267 )

[node name="CafeChair14" parent="." instance=ExtResource( 2 )]
transform = Transform( 0.158675, 0, 0.987331, 0, 1, 0, -0.987331, 0, 0.158675, -3.586, 0.6, 7.10492 )

[node name="CafeChair15" parent="." instance=ExtResource( 2 )]
transform = Transform( 0.568806, 0, -0.822472, 0, 1, 0, 0.822472, 0, 0.568806, -1.2412, 0.6, 7.03996 )

[node name="CafeTable3" parent="." instance=ExtResource( 1 )]
transform = Transform( 0.211802, 0, -0.977313, 0, 1, 0, 0.977313, 0, 0.211802, -7.23764, 0.560735, 2.84144 )

[node name="CafeChair10" parent="." instance=ExtResource( 2 )]
transform = Transform( -0.983331, 0, 0.181824, 0, 1, 0, -0.181824, 0, -0.983331, -7.64064, 0.6, 3.91301 )

[node name="CafeChair11" parent="." instance=ExtResource( 2 )]
transform = Transform( 0.158675, 0, 0.987331, 0, 1, 0, -0.987331, 0, 0.158675, -8.46586, 0.6, 2.81775 )

[node name="CafeChair12" parent="." instance=ExtResource( 2 )]
transform = Transform( 0.568806, 0, -0.822472, 0, 1, 0, 0.822472, 0, 0.568806, -6.12106, 0.6, 2.75279 )
